Mean_Mo_C8:	91.1973634106
Sigma_Mo_C8:	11.5091571995
Mean_Sn_C8:	130.589136585
Sigma_Sn_C8:	13.9470849075
