Mean_Mo_C5:	105.628279838
Sigma_Mo_C5:	11.2293705332
Mean_Cu_C5:	49.0920792856
Sigma_Cu_C5:	9.98412818221
