Mean_Mo_C5:	106.678467199
Sigma_Mo_C5:	12.5912327125
Mean_Ag_C5:	127.248286462
Sigma_Ag_C5:	17.8243050894
