Mean_Mo_C13:	104.40031739
Sigma_Mo_C13:	10.6194338419
Mean_Cu_C13:	54.1034190893
Sigma_Cu_C13:	10.321355883
