Mean_Mo_C11:	100.195698962
Sigma_Mo_C11:	12.7492353222
Mean_Sn_C11:	144.496080603
Sigma_Sn_C11:	13.8509273308
