Mean_Mo_C2:	103.779684674
Sigma_Mo_C2:	12.5709926484
Mean_Sn_C2:	143.76300431
Sigma_Sn_C2:	16.6987382522
