Mean_Mo_C6:	101.044450438
Sigma_Mo_C6:	12.4832490564
Mean_Ag_C6:	120.903015058
Sigma_Ag_C6:	17.8738046473
