Mean_Mo_C9:	113.659371207
Sigma_Mo_C9:	14.2159415894
Mean_Sn_C9:	158.300337839
Sigma_Sn_C9:	16.1515983862
