Mean_Mo_C8:	90.8436500832
Sigma_Mo_C8:	10.6632984786
Mean_Cu_C8:	43.7482710395
Sigma_Cu_C8:	10.4427281231
