Mean_Mo_C4:	100.486006075
Sigma_Mo_C4:	12.7828634128
Mean_Sn_C4:	139.364322976
Sigma_Sn_C4:	16.7018471468
