Mean_Mo_C7:	103.179999563
Sigma_Mo_C7:	11.8854606322
Mean_Ag_C7:	118.031740417
Sigma_Ag_C7:	19.055600488
