Mean_Mo_C3:	90.5651068742
Sigma_Mo_C3:	11.98570273
Mean_Ag_C3:	107.296688013
Sigma_Ag_C3:	16.8582556791
