Mean_Mo_C5:	67.4415576567
Sigma_Mo_C5:	37.7756620629
Mean_Cu_C5:	48.0988537785
Sigma_Cu_C5:	10.5229251059
