Mean_Mo_C0:	99.8655196498
Sigma_Mo_C0:	17.2167624466
Mean_Sn_C0:	143.55855078
Sigma_Sn_C0:	15.2589587863
