Mean_Mo_C2:	98.0069358701
Sigma_Mo_C2:	10.4417995181
Mean_Cu_C2:	44.4089182153
Sigma_Cu_C2:	9.07008910031
