Mean_Mo_C1:	95.162070869
Sigma_Mo_C1:	14.6623170472
Mean_Sn_C1:	137.081777184
Sigma_Sn_C1:	16.552691502
