Mean_Mo_C3:	92.2029500853
Sigma_Mo_C3:	12.131633575
Mean_Sn_C3:	131.781900915
Sigma_Sn_C3:	15.7486174478
