Mean_Mo_C0:	95.9885262162
Sigma_Mo_C0:	12.6272537456
Mean_Cu_C0:	47.8863491365
Sigma_Cu_C0:	10.4933441055
