Mean_Mo_C10:	101.869979348
Sigma_Mo_C10:	14.3684671454
Mean_Sn_C10:	135.861748678
Sigma_Sn_C10:	21.3985439428
