Mean_Mo_C12:	89.6530968405
Sigma_Mo_C12:	10.4480438805
Mean_Cu_C12:	40.2366900854
Sigma_Cu_C12:	8.41587835114
