Mean_Mo_C11:	55.738071343
Sigma_Mo_C11:	86.7605905076
Mean_Sn_C11:	104.0775448
Sigma_Sn_C11:	14.7911823735
