Mean_Mo_C5:	85.3047396266
Sigma_Mo_C5:	52.3892344368
Mean_Sn_C5:	107.956954897
Sigma_Sn_C5:	15.8880358159
