Mean_Mo_C6:	103.828063926
Sigma_Mo_C6:	14.1577736942
Mean_Sn_C6:	142.536623365
Sigma_Sn_C6:	20.2157869657
