Mean_Mo_C13:	101.988353159
Sigma_Mo_C13:	12.8079650457
Mean_Cu_C13:	52.8723076545
Sigma_Cu_C13:	10.9300302381
