Mean_Mo_C14:	102.982220403
Sigma_Mo_C14:	14.7954919431
Mean_Sn_C14:	151.563890871
Sigma_Sn_C14:	16.5080345169
