Mean_Mo_C1:	91.8210182008
Sigma_Mo_C1:	13.5835220287
Mean_Cu_C1:	43.1466594467
Sigma_Cu_C1:	8.73685955204
