Mean_Mo_C12:	94.4923901604
Sigma_Mo_C12:	12.7385544132
Mean_Sn_C12:	133.645030209
Sigma_Sn_C12:	16.5024187517
