Mean_Mo_C7:	102.191031831
Sigma_Mo_C7:	11.0320191278
Mean_Cu_C7:	54.4693417515
Sigma_Cu_C7:	11.9204972428
