Mean_Mo_C14:	150.939917719
Sigma_Mo_C14:	46.9434680545
Mean_In_C14:	152.70264421
Sigma_In_C14:	1.62044457389
