Mean_Mo_C2:	-34.8764788011
Sigma_Mo_C2:	48.9656750117
Mean_Cu_C2:	66.2276719922
Sigma_Cu_C2:	47.170296832
