Mean_Mo_C5:	126.039207252
Sigma_Mo_C5:	11.9098692739
Mean_In_C5:	157.851785934
Sigma_In_C5:	5.77538889054
