Mean_Mo_C8:	110.881421083
Sigma_Mo_C8:	4.69562194738
Mean_Ag_C8:	141.934829241
Sigma_Ag_C8:	3.59760977348
