Mean_Mo_C15:	112.956249725
Sigma_Mo_C15:	7.63892153648
Mean_Cu_C15:	59.0937921416
Sigma_Cu_C15:	4.23000808504
