Mean_Mo_C0:	109.359187672
Sigma_Mo_C0:	4.17304329817
Mean_Cu_C0:	59.4183568112
Sigma_Cu_C0:	4.25228829384
