Mean_Mo_C6:	97.3975748979
Sigma_Mo_C6:	52.9588141445
Mean_Cu_C6:	85.368144951
Sigma_Cu_C6:	52.4731914188
