Mean_Mo_C14:	60.3488812815
Sigma_Mo_C14:	4.94517758587
Mean_Ag_C14:	109.874683126
Sigma_Ag_C14:	4.57760694436
