Mean_Mo_C14:	110.442521338
Sigma_Mo_C14:	9.55840343436
Mean_Cu_C14:	0.901037630861
Sigma_Cu_C14:	0.738121279309
