Mean_Mo_C7:	109.612102056
Sigma_Mo_C7:	4.4109092925
Mean_Cu_C7:	58.2068261991
Sigma_Cu_C7:	4.50622363623
