Mean_Mo_C1:	110.581532448
Sigma_Mo_C1:	4.45445903085
Mean_Ag_C1:	132.386956263
Sigma_Ag_C1:	10.4158291048
