Mean_Mo_C5:	118.805714252
Sigma_Mo_C5:	6.30838375367
Mean_Cu_C5:	63.4682654875
Sigma_Cu_C5:	5.64309553852
