Mean_Mo_C2:	62.1172249964
Sigma_Mo_C2:	48.2083040415
Mean_In_C2:	62.1172249964
Sigma_In_C2:	48.2083040415
