Mean_Mo_C13:	113.239375911
Sigma_Mo_C13:	6.48298394153
Mean_In_C13:	156.127594557
Sigma_In_C13:	3.42361921723
