Mean_Mo_C1:	110.895612672
Sigma_Mo_C1:	5.84460716382
Mean_Cu_C1:	62.4034129572
Sigma_Cu_C1:	8.73663861907
