Mean_Mo_C12:	205.465553336
Sigma_Mo_C12:	25.6520658097
Mean_Ag_C12:	121.903782099
Sigma_Ag_C12:	53.2444504068
