Mean_Mo_C14:	109.877270943
Sigma_Mo_C14:	4.4858779652
Mean_Sn_C14:	157.08713419
Sigma_Sn_C14:	5.02719847215
