Mean_Mo_C6:	111.522440412
Sigma_Mo_C6:	4.93888517294
Mean_In_C6:	156.799322924
Sigma_In_C6:	5.4100208503
