Mean_Mo_C3:	1.38385350696
Sigma_Mo_C3:	0.421327605873
Mean_Ag_C3:	109.246023507
Sigma_Ag_C3:	4.49409518476
