Mean_Mo_C7:	108.522713361
Sigma_Mo_C7:	3.94660299778
Mean_Sn_C7:	273.5018583
Sigma_Sn_C7:	49.0976114587
