Mean_Mo_C15:	109.014257582
Sigma_Mo_C15:	3.80282882342
Mean_In_C15:	331.732907319
Sigma_In_C15:	47.2212800315
