Mean_Mo_C4:	110.099602682
Sigma_Mo_C4:	5.21064899619
Mean_In_C4:	133.281176846
Sigma_In_C4:	45.7771347687
