Mean_Mo_C3:	1.41350665674
Sigma_Mo_C3:	0.371826558774
Mean_In_C3:	1.41350665674
Sigma_In_C3:	0.371826558774
