Mean_Mo_C11:	59.2827060082
Sigma_Mo_C11:	6.89027362501
Mean_In_C11:	199.91966229
Sigma_In_C11:	47.5071252121
