Mean_Mo_C4:	112.930635558
Sigma_Mo_C4:	7.70059105076
Mean_Cu_C4:	57.8230229522
Sigma_Cu_C4:	5.04977876551
