Mean_Mo_C13:	113.88896317
Sigma_Mo_C13:	6.69548176186
Mean_Ag_C13:	141.745095139
Sigma_Ag_C13:	3.34798920982
