Mean_Mo_C6:	64.3229369403
Sigma_Mo_C6:	9.69529414559
Mean_Sn_C6:	112.578811225
Sigma_Sn_C6:	6.73081430614
