Mean_Mo_C4:	109.829107856
Sigma_Mo_C4:	4.6729609602
Mean_Sn_C4:	148.240587455
Sigma_Sn_C4:	46.2941325922
