Mean_Mo_C4:	57.8476724083
Sigma_Mo_C4:	5.87530995794
Mean_Ag_C4:	112.466075183
Sigma_Ag_C4:	6.66704504703
