Mean_Mo_C12:	90.9548931407
Sigma_Mo_C12:	10.9130470306
Mean_Sn_C12:	133.318215903
Sigma_Sn_C12:	12.5037561672
