Mean_Mo_C9:	108.97693285
Sigma_Mo_C9:	10.7589846946
Mean_Cu_C9:	53.308304386
Sigma_Cu_C9:	9.12001863851
