Mean_Mo_C3:	88.765595097
Sigma_Mo_C3:	11.0715281072
Mean_Sn_C3:	129.028900949
Sigma_Sn_C3:	13.726712435
