Mean_Mo_C13:	106.523562772
Sigma_Mo_C13:	13.4638423916
Mean_Ag_C13:	116.869391481
Sigma_Ag_C13:	23.0252678034
