Mean_Mo_C1:	94.0444976983
Sigma_Mo_C1:	14.2878650203
Mean_Cu_C1:	46.6730598016
Sigma_Cu_C1:	8.92313035968
