Mean_Mo_C4:	96.4126419567
Sigma_Mo_C4:	11.3687348316
Mean_Ag_C4:	117.188938248
Sigma_Ag_C4:	16.1258773436
