Mean_Mo_C6:	100.511691569
Sigma_Mo_C6:	10.9922404836
Mean_Cu_C6:	46.5093200331
Sigma_Cu_C6:	9.09889362952
