Mean_Mo_C14:	102.583221746
Sigma_Mo_C14:	12.7834292861
Mean_Cu_C14:	47.2381697509
Sigma_Cu_C14:	10.6224883435
