Mean_Mo_C5:	118.400622686
Sigma_Mo_C5:	6.25752551081
Mean_Ag_C5:	122.97458123
Sigma_Ag_C5:	52.3468570333
