Mean_Mo_C1:	110.205823642
Sigma_Mo_C1:	4.27913454613
Mean_Sn_C1:	155.647828555
Sigma_Sn_C1:	2.94481160469
