Mean_Mo_C10:	109.91401786
Sigma_Mo_C10:	4.52395313469
Mean_In_C10:	155.217708758
Sigma_In_C10:	3.48928009699
