Mean_Mo_C5:	67.1816670812
Sigma_Mo_C5:	13.1324954192
Mean_Sn_C5:	118.852360966
Sigma_Sn_C5:	6.28891413426
