Mean_Mo_C12:	59.7026378202
Sigma_Mo_C12:	6.29810245816
Mean_In_C12:	154.863624562
Sigma_In_C12:	46.4944674328
