Mean_Mo_C13:	62.5120194461
Sigma_Mo_C13:	8.13635438543
Mean_Sn_C13:	112.305811416
Sigma_Sn_C13:	6.11473999762
