Mean_Mo_C12:	105.859385157
Sigma_Mo_C12:	53.6103851401
Mean_Sn_C12:	216.480078528
Sigma_Sn_C12:	48.6829520347
