Mean_Mo_C7:	58.5207208219
Sigma_Mo_C7:	4.67015677069
Mean_In_C7:	108.296753515
Sigma_In_C7:	3.59484975943
