Mean_Mo_C3:	109.065321029
Sigma_Mo_C3:	4.3717623641
Mean_Cu_C3:	1.32879046832
Sigma_Cu_C3:	0.495769621909
