Mean_Mo_C0:	108.32313145
Sigma_Mo_C0:	3.79137246444
Mean_In_C0:	154.562987507
Sigma_In_C0:	3.14314721575
