Mean_Mo_C0:	109.313575128
Sigma_Mo_C0:	4.20195117727
Mean_Sn_C0:	152.54860436
Sigma_Sn_C0:	1.52136329294
