Mean_Mo_C10:	110.03975249
Sigma_Mo_C10:	4.10476670023
Mean_Sn_C10:	152.924169687
Sigma_Sn_C10:	1.58464346945
