Mean_Mo_C1:	62.1111656813
Sigma_Mo_C1:	6.39426265587
Mean_In_C1:	110.826934144
Sigma_In_C1:	5.34762214291
