Mean_Mo_C11:	108.367732758
Sigma_Mo_C11:	3.89502218466
Mean_Ag_C11:	4.3110393802
Sigma_Ag_C11:	44.7138832747
