Mean_Mo_C12:	58.1713090211
Sigma_Mo_C12:	5.58838416421
Mean_Cu_C12:	58.1713090211
Sigma_Cu_C12:	5.58838416421
