Mean_Mo_C11:	108.137399796
Sigma_Mo_C11:	3.92371477199
Mean_Cu_C11:	108.137399796
Sigma_Cu_C11:	3.92371477199
