Mean_Mo_C8:	110.929578576
Sigma_Mo_C8:	4.79951782197
Mean_In_C8:	156.303708343
Sigma_In_C8:	3.96299480036
