Mean_Mo_C2:	63.1206117162
Sigma_Mo_C2:	49.3188478738
Mean_Ag_C2:	77.3578907013
Sigma_Ag_C2:	51.841178158
