Mean_Mo_C15:	72.6196090247
Sigma_Mo_C15:	10.2470211077
Mean_Sn_C15:	108.969567294
Sigma_Sn_C15:	3.63660706299
