Mean_Mo_C8:	71.1166782904
Sigma_Mo_C8:	13.0112280251
Mean_Sn_C8:	111.225046386
Sigma_Sn_C8:	4.68355212899
