Mean_Mo_C8:	113.590926145
Sigma_Mo_C8:	5.70355368154
Mean_Cu_C8:	62.7925176042
Sigma_Cu_C8:	8.48235451801
