Mean_Mo_C10:	60.4293693964
Sigma_Mo_C10:	4.22164067271
Mean_Cu_C10:	60.4293693964
Sigma_Cu_C10:	4.22164067271
