Mean_Mo_C2:	99.77991208
Sigma_Mo_C2:	47.6552933034
Mean_Sn_C2:	79.8193380418
Sigma_Sn_C2:	30.2994978522
