Mean_Mo_C11:	58.7785889235
Sigma_Mo_C11:	6.14736000214
Mean_Sn_C11:	58.7785889235
Sigma_Sn_C11:	6.14736000214
