Mean_Mo_C9:	108.016892608
Sigma_Mo_C9:	3.70602163361
Mean_In_C9:	231.394893335
Sigma_In_C9:	49.3915004881
