Mean_Mo_C9:	110.867026279
Sigma_Mo_C9:	4.69061786566
Mean_Sn_C9:	133.737579519
Sigma_Sn_C9:	15.4810613584
