Mean_Mo_C3:	1.41851246086
Sigma_Mo_C3:	0.411089155876
Mean_Sn_C3:	1.41851246086
Sigma_Sn_C3:	0.411089155876
