Mean_Mo_C6:	112.237986473
Sigma_Mo_C6:	6.0299980628
Mean_Ag_C6:	137.559418655
Sigma_Ag_C6:	5.92619430308
