Mean_Mo_C7:	108.273412404
Sigma_Mo_C7:	3.55003082837
Mean_Ag_C7:	128.151618436
Sigma_Ag_C7:	20.9803627523
