Mean_Mo_C15:	110.824421341
Sigma_Mo_C15:	4.72165565278
Mean_Ag_C15:	133.734594358
Sigma_Ag_C15:	14.5827891684
