Mean_Mo_C9:	108.048781344
Sigma_Mo_C9:	3.64126677186
Mean_Cu_C9:	57.9428002421
Sigma_Cu_C9:	3.87728377577
