Mean_Mo_C10:	108.930068104
Sigma_Mo_C10:	3.81962480897
Mean_Ag_C10:	139.306683051
Sigma_Ag_C10:	4.56704092642
