Mean_Mo_C13:	115.190152301
Sigma_Mo_C13:	30.0489066892
Mean_Cu_C13:	64.2018038798
Sigma_Cu_C13:	10.3806409048
