Mean_Mo_C9:	109.516202676
Sigma_Mo_C9:	4.59293137856
Mean_Ag_C9:	154.435808837
Sigma_Ag_C9:	3.36522261473
