Mean_Mo_C0:	109.886494554
Sigma_Mo_C0:	4.54154764485
Mean_Ag_C0:	140.772262841
Sigma_Ag_C0:	4.11697130389
