Mean_Mo_C9:	111.143605208
Sigma_Mo_C9:	4.33941943609
Mean_Cu_C9:	53.3090148896
Sigma_Cu_C9:	14.2515869379
