Mean_Mo_C12:	122.915169735
Sigma_Mo_C12:	12.5068748023
Mean_Cu_C12:	66.0724477191
Sigma_Cu_C12:	17.4072871041
