Mean_Mo_C15:	116.319245316
Sigma_Mo_C15:	23.8331854622
Mean_Sn_C15:	160.079282291
Sigma_Sn_C15:	5.5974181163
