Mean_Mo_C8:	75.1954577963
Sigma_Mo_C8:	10.0772219487
Mean_In_C8:	118.987348658
Sigma_In_C8:	11.5565287742
