Mean_Mo_C12:	126.20699173
Sigma_Mo_C12:	15.9277175584
Mean_In_C12:	132.972370472
Sigma_In_C12:	52.6362827391
