Mean_Mo_C13:	66.5274376277
Sigma_Mo_C13:	9.66796840402
Mean_Cu_C13:	66.5274376277
Sigma_Cu_C13:	9.66796840402
