Mean_Mo_C14:	117.291317985
Sigma_Mo_C14:	22.5112669506
Mean_Cu_C14:	71.3286684261
Sigma_Cu_C14:	11.0067916562
