Mean_Mo_C14:	105.50074758
Sigma_Mo_C14:	2.6471918683
Mean_In_C14:	105.522179013
Sigma_In_C14:	52.8585645177
