Mean_Mo_C6:	90.6671810406
Sigma_Mo_C6:	53.0221356641
Mean_In_C6:	157.579442938
Sigma_In_C6:	3.91337736924
