Mean_Mo_C5:	112.122385206
Sigma_Mo_C5:	5.34733626224
Mean_Sn_C5:	158.352084334
Sigma_Sn_C5:	4.79015399689
