Mean_Mo_C5:	113.176156511
Sigma_Mo_C5:	5.55098778225
Mean_In_C5:	156.028990073
Sigma_In_C5:	4.1733618948
