Mean_Mo_C10:	133.974618007
Sigma_Mo_C10:	52.6078531844
Mean_Ag_C10:	141.929285395
Sigma_Ag_C10:	3.3371732671
