Mean_Mo_C5:	111.530570143
Sigma_Mo_C5:	5.25481082943
Mean_Cu_C5:	60.661972804
Sigma_Cu_C5:	9.59893048032
