Mean_Mo_C7:	78.9069098517
Sigma_Mo_C7:	51.8092095222
Mean_Ag_C7:	111.432159482
Sigma_Ag_C7:	4.92869903692
