Mean_Mo_C2:	109.692131705
Sigma_Mo_C2:	4.07051140075
Mean_Sn_C2:	156.11248464
Sigma_Sn_C2:	3.59665501
