Mean_Mo_C3:	73.5461827783
Sigma_Mo_C3:	12.918313523
Mean_Sn_C3:	110.567465283
Sigma_Sn_C3:	21.8839602363
