Mean_Mo_C6:	113.316846327
Sigma_Mo_C6:	6.47569528987
Mean_Ag_C6:	137.755809782
Sigma_Ag_C6:	5.03579013769
