Mean_Mo_C9:	62.5482156949
Sigma_Mo_C9:	9.62491533629
Mean_Ag_C9:	120.699851715
Sigma_Ag_C9:	52.2054956899
