Mean_Mo_C4:	110.703307189
Sigma_Mo_C4:	4.24650504292
Mean_In_C4:	141.857418824
Sigma_In_C4:	3.18294487589
