Mean_Mo_C1:	110.773236295
Sigma_Mo_C1:	4.74540567164
Mean_Cu_C1:	72.9483665496
Sigma_Cu_C1:	8.66583006677
