Mean_Mo_C8:	117.824339109
Sigma_Mo_C8:	15.2706139821
Mean_Ag_C8:	144.976099539
Sigma_Ag_C8:	0.0194993071594
