Mean_Mo_C12:	126.123743472
Sigma_Mo_C12:	14.2916033878
Mean_Ag_C12:	204.987697565
Sigma_Ag_C12:	48.0112823931
