Mean_Mo_C4:	110.9095215
Sigma_Mo_C4:	4.33610204352
Mean_Ag_C4:	129.591655738
Sigma_Ag_C4:	16.3423814823
