Mean_Mo_C14:	118.727391547
Sigma_Mo_C14:	8.26758218292
Mean_Sn_C14:	164.630600344
Sigma_Sn_C14:	8.69565167566
