Mean_Mo_C1:	112.35023894
Sigma_Mo_C1:	6.52956466092
Mean_Sn_C1:	117.92312879
Sigma_Sn_C1:	50.7295346941
