Mean_Mo_C13:	118.996008906
Sigma_Mo_C13:	8.27020483441
Mean_In_C13:	152.168789111
Sigma_In_C13:	1.24874441871
