Mean_Mo_C6:	111.341652809
Sigma_Mo_C6:	5.53475546543
Mean_Cu_C6:	62.2810751994
Sigma_Cu_C6:	6.2149613184
