Mean_Mo_C15:	114.662585497
Sigma_Mo_C15:	8.61963506689
Mean_Ag_C15:	126.263949645
Sigma_Ag_C15:	26.4949848138
