Mean_Mo_C11:	75.0826571235
Sigma_Mo_C11:	10.4800329117
Mean_In_C11:	75.5092538894
Sigma_In_C11:	51.648891095
