Mean_Mo_C7:	111.475906316
Sigma_Mo_C7:	4.68991540553
Mean_Sn_C7:	158.559910204
Sigma_Sn_C7:	5.61833143334
