Mean_Mo_C10:	116.860700634
Sigma_Mo_C10:	23.5593783297
Mean_Sn_C10:	160.59610598
Sigma_Sn_C10:	13.8826262673
