Mean_Mo_C4:	58.6567160317
Sigma_Mo_C4:	4.00041204645
Mean_Cu_C4:	58.6567160317
Sigma_Cu_C4:	4.00041204645
