Mean_Mo_C3:	116.658881838
Sigma_Mo_C3:	9.73307741928
Mean_In_C3:	236.066399859
Sigma_In_C3:	45.8526792432
