Mean_Mo_C10:	157.316013319
Sigma_Mo_C10:	51.0675255688
Mean_Cu_C10:	70.1640028342
Sigma_Cu_C10:	14.012547462
