Mean_Mo_C0:	109.996778451
Sigma_Mo_C0:	3.98168377243
Mean_Ag_C0:	109.019564245
Sigma_Ag_C0:	52.0510924242
