Mean_Mo_C10:	79.4407111915
Sigma_Mo_C10:	23.7620128058
Mean_In_C10:	122.371967865
Sigma_In_C10:	9.66412288556
