Mean_Mo_C0:	108.643782887
Sigma_Mo_C0:	52.1711551596
Mean_Sn_C0:	152.592033923
Sigma_Sn_C0:	1.5337011379
