Mean_Mo_C14:	104.592370626
Sigma_Mo_C14:	20.6399742354
Mean_Ag_C14:	126.511392028
Sigma_Ag_C14:	17.6063902906
