Mean_Mo_C4:	93.8950364212
Sigma_Mo_C4:	10.5049736537
Mean_Cu_C4:	41.8497796951
Sigma_Cu_C4:	9.23514710264
