Mean_Mo_C10:	96.6141187744
Sigma_Mo_C10:	11.2448255298
Mean_Cu_C10:	44.838951982
Sigma_Cu_C10:	9.98310577992
