Mean_Mo_C8:	56.726285354
Sigma_Mo_C8:	19.6904250345
Mean_Sn_C8:	95.7134119004
Sigma_Sn_C8:	13.0849928462
