Mean_Mo_C3:	87.567435005
Sigma_Mo_C3:	10.3051581364
Mean_Cu_C3:	40.9898820558
Sigma_Cu_C3:	8.82024964739
