Mean_Mo_C9:	107.93857437
Sigma_Mo_C9:	11.2578504539
Mean_Cu_C9:	52.9594783468
Sigma_Cu_C9:	10.0914096024
