Mean_Mo_C11:	98.0157818417
Sigma_Mo_C11:	12.2366717272
Mean_Cu_C11:	45.9551449755
Sigma_Cu_C11:	10.3537508132
