Mean_Mo_C6:	114.844655594
Sigma_Mo_C6:	88.8142750647
Mean_Cu_C6:	45.6204150932
Sigma_Cu_C6:	10.518339697
