Mean_Mo_C7:	107.835130871
Sigma_Mo_C7:	13.6462811162
Mean_Sn_C7:	138.90475928
Sigma_Sn_C7:	23.4103238068
