Mean_Mo_C10:	97.2922920816
Sigma_Mo_C10:	12.1741230943
Mean_Ag_C10:	115.535380101
Sigma_Ag_C10:	17.9685818492
