Mean_Mo_C13:	109.903644756
Sigma_Mo_C13:	13.1444555119
Mean_Sn_C13:	146.446625195
Sigma_Sn_C13:	19.7117640341
