Mean_Mo_C14:	99.1935879686
Sigma_Mo_C14:	14.2370900139
Mean_Cu_C14:	45.0583549443
Sigma_Cu_C14:	10.0999913028
