Mean_Mo_C4:	102.679803402
Sigma_Mo_C4:	12.1230904859
Mean_Ag_C4:	134.848936741
Sigma_Ag_C4:	7.76054092244
