Mean_Mo_C10:	105.893256515
Sigma_Mo_C10:	13.6072481889
Mean_Ag_C10:	139.622972297
Sigma_Ag_C10:	8.62831029059
