Mean_Mo_C3:	95.2549749254
Sigma_Mo_C3:	10.9809913484
Mean_In_C3:	136.390473095
Sigma_In_C3:	11.2127440867
