Mean_Mo_C5:	104.923811466
Sigma_Mo_C5:	12.8963840605
Mean_Ag_C5:	138.668872188
Sigma_Ag_C5:	8.07642465467
