Mean_Mo_C4:	97.870444769
Sigma_Mo_C4:	11.2862821719
Mean_In_C4:	139.869491441
Sigma_In_C4:	11.2841392621
