Mean_Mo_C15:	91.9203869114
Sigma_Mo_C15:	12.045782008
Mean_Cu_C15:	43.1241044243
Sigma_Cu_C15:	8.400014108
