Mean_Mo_C12:	96.1895562783
Sigma_Mo_C12:	10.4838807929
Mean_Sn_C12:	141.633405542
Sigma_Sn_C12:	12.1392171284
