Mean_Mo_C1:	91.3183311479
Sigma_Mo_C1:	12.4163697603
Mean_In_C1:	133.710956441
Sigma_In_C1:	7.26311942092
