Mean_Mo_C8:	92.0315265665
Sigma_Mo_C8:	10.108354646
Mean_Cu_C8:	42.7853275046
Sigma_Cu_C8:	9.24173033936
