Mean_Mo_C11:	99.1429710024
Sigma_Mo_C11:	11.0693626884
Mean_Sn_C11:	145.562288604
Sigma_Sn_C11:	12.260920455
