Mean_Mo_C9:	97.5898211735
Sigma_Mo_C9:	10.4115624282
Mean_Cu_C9:	42.3193928744
Sigma_Cu_C9:	9.70807700254
