Mean_Mo_C1:	91.5179299425
Sigma_Mo_C1:	17.22721269
Mean_Sn_C1:	139.739983927
Sigma_Sn_C1:	9.2077584934
