Mean_Mo_C9:	96.6234657617
Sigma_Mo_C9:	10.7711093814
Mean_In_C9:	138.258325528
Sigma_In_C9:	12.8146556711
