Mean_Mo_C6:	95.3759627202
Sigma_Mo_C6:	10.6968884419
Mean_In_C6:	136.564268479
Sigma_In_C6:	11.4255890386
