Mean_Mo_C4:	98.0802760488
Sigma_Mo_C4:	10.2367262341
Mean_Sn_C4:	144.594425239
Sigma_Sn_C4:	12.5144063643
