Mean_Mo_C3:	94.9626912316
Sigma_Mo_C3:	11.0935551956
Mean_Sn_C3:	142.245836754
Sigma_Sn_C3:	11.8223027085
