Mean_Mo_C14:	99.5671869857
Sigma_Mo_C14:	13.9973373263
Mean_In_C14:	143.92959721
Sigma_In_C14:	11.3301058541
