Mean_Mo_C0:	98.5974170063
Sigma_Mo_C0:	14.6745809218
Mean_Ag_C0:	130.523472438
Sigma_Ag_C0:	7.21251050629
