Mean_Mo_C0:	92.7463047601
Sigma_Mo_C0:	11.9325551608
Mean_In_C0:	135.015233335
Sigma_In_C0:	11.0284176181
