Mean_Mo_C13:	99.68432936
Sigma_Mo_C13:	12.0959794463
Mean_In_C13:	140.696205301
Sigma_In_C13:	10.7596042569
