Mean_Mo_C7:	94.3307362106
Sigma_Mo_C7:	10.6223620931
Mean_Sn_C7:	140.069129458
Sigma_Sn_C7:	12.6616079516
