Mean_Mo_C2:	95.4719822191
Sigma_Mo_C2:	10.6943383812
Mean_Sn_C2:	141.404631796
Sigma_Sn_C2:	12.4363672411
