Mean_Mo_C13:	103.464123902
Sigma_Mo_C13:	12.0578784707
Mean_Ag_C13:	135.11088704
Sigma_Ag_C13:	7.3358684598
