Mean_Mo_C6:	95.0812318226
Sigma_Mo_C6:	10.9521548647
Mean_Sn_C6:	142.240131814
Sigma_Sn_C6:	12.7780072919
