Mean_Mo_C13:	99.4308444154
Sigma_Mo_C13:	10.5216737314
Mean_Cu_C13:	46.6358235604
Sigma_Cu_C13:	8.62367244811
