Mean_Mo_C14:	98.7222350973
Sigma_Mo_C14:	13.7509636691
Mean_Cu_C14:	47.2864472152
Sigma_Cu_C14:	8.7677268151
