Mean_Mo_C2:	99.3255615582
Sigma_Mo_C2:	11.7699802014
Mean_Ag_C2:	129.783946534
Sigma_Ag_C2:	7.30720416167
