Mean_Mo_C2:	94.9526203023
Sigma_Mo_C2:	10.8732442003
Mean_In_C2:	134.95334089
Sigma_In_C2:	11.2395202067
