Mean_Mo_C14:	101.843606045
Sigma_Mo_C14:	13.9281646437
Mean_Sn_C14:	149.749251983
Sigma_Sn_C14:	11.8459127685
