Mean_Mo_C1:	120.494757013
Sigma_Mo_C1:	14.0852411004
Mean_Ag_C1:	163.82071049
Sigma_Ag_C1:	27.6911231103
