Mean_Mo_C5:	100.125411089
Sigma_Mo_C5:	10.7232567272
Mean_In_C5:	141.39190028
Sigma_In_C5:	12.5234522864
