Mean_Mo_C8:	91.2197728156
Sigma_Mo_C8:	10.4678077756
Mean_Sn_C8:	135.987164169
Sigma_Sn_C8:	13.1378071523
