Mean_Mo_C0:	93.7617337418
Sigma_Mo_C0:	12.0400908685
Mean_Sn_C0:	140.87574615
Sigma_Sn_C0:	11.0116955105
