Mean_Mo_C9:	101.455644086
Sigma_Mo_C9:	13.218322836
Mean_Ag_C9:	135.534639637
Sigma_Ag_C9:	8.79723434161
