Mean_Mo_C8:	91.3258968125
Sigma_Mo_C8:	10.8211328678
Mean_In_C8:	131.042464867
Sigma_In_C8:	12.1020472072
