Mean_Mo_C15:	95.8155885469
Sigma_Mo_C15:	14.5465186312
Mean_Ag_C15:	127.479108892
Sigma_Ag_C15:	7.14643282641
