Mean_Mo_C10:	101.123899497
Sigma_Mo_C10:	10.4662354498
Mean_Cu_C10:	48.2151670735
Sigma_Cu_C10:	8.82451732266
