Mean_Mo_C2:	95.3573281345
Sigma_Mo_C2:	10.4089146584
Mean_Cu_C2:	43.073604594
Sigma_Cu_C2:	8.70513143674
