Mean_Mo_C12:	100.527731691
Sigma_Mo_C12:	12.0508132187
Mean_Ag_C12:	-63.8512375634
Sigma_Ag_C12:	77.1219069664
