Mean_Mo_C10:	101.479182211
Sigma_Mo_C10:	11.5042868741
Mean_In_C10:	143.912720233
Sigma_In_C10:	11.9177419087
