Mean_Mo_C8:	96.3025446256
Sigma_Mo_C8:	11.6897637711
Mean_Ag_C8:	128.179140314
Sigma_Ag_C8:	7.60763294597
