Mean_Mo_C4:	98.2437565097
Sigma_Mo_C4:	10.2627824388
Mean_Cu_C4:	45.9459316077
Sigma_Cu_C4:	8.26107597235
