Mean_Mo_C0:	93.9562172711
Sigma_Mo_C0:	10.8147406363
Mean_Cu_C0:	43.7024181133
Sigma_Cu_C0:	8.42557846979
