Mean_Mo_C7:	98.1539234534
Sigma_Mo_C7:	12.3861327007
Mean_Ag_C7:	131.209578964
Sigma_Ag_C7:	7.62567279451
