Mean_Mo_C11:	100.03659309
Sigma_Mo_C11:	10.9076154462
Mean_In_C11:	140.886535878
Sigma_In_C11:	10.7768781974
