Mean_Mo_C1:	90.5347686489
Sigma_Mo_C1:	12.9016682672
Mean_Cu_C1:	41.5941887056
Sigma_Cu_C1:	8.64834594906
