Mean_Mo_C5:	100.195698907
Sigma_Mo_C5:	11.2818554564
Mean_Cu_C5:	45.2715641149
Sigma_Cu_C5:	8.87302919899
