Mean_Mo_C13:	99.3702866274
Sigma_Mo_C13:	11.0844712835
Mean_Sn_C13:	145.683391705
Sigma_Sn_C13:	11.5695274571
