Mean_Mo_C3:	99.5517179463
Sigma_Mo_C3:	12.3635437404
Mean_Ag_C3:	131.265172826
Sigma_Ag_C3:	7.65201716838
