Mean_Mo_C5:	100.02207862
Sigma_Mo_C5:	10.9297630551
Mean_Sn_C5:	147.403093208
Sigma_Sn_C5:	13.1175835665
