Mean_Mo_C12:	95.7154901167
Sigma_Mo_C12:	10.8339402909
Mean_Cu_C12:	44.6763421086
Sigma_Cu_C12:	7.83869102609
