Mean_Mo_C6:	99.2109705681
Sigma_Mo_C6:	11.930401372
Mean_Ag_C6:	131.479904341
Sigma_Ag_C6:	8.17354119733
