Mean_Mo_C9:	97.0050541582
Sigma_Mo_C9:	10.6770887961
Mean_Sn_C9:	144.870592786
Sigma_Sn_C9:	12.5462635487
