Mean_Mo_C7:	95.2746229668
Sigma_Mo_C7:	10.063535323
Mean_Cu_C7:	44.0078389701
Sigma_Cu_C7:	8.98215546302
