Mean_Mo_C15:	91.7722909203
Sigma_Mo_C15:	11.8767456852
Mean_In_C15:	132.480728624
Sigma_In_C15:	10.0892208806
