Mean_Mo_C15:	92.1985653826
Sigma_Mo_C15:	12.177392835
Mean_Sn_C15:	138.120819589
Sigma_Sn_C15:	10.652605174
