Mean_Mo_C11:	104.292392454
Sigma_Mo_C11:	12.2532420279
Mean_Ag_C11:	137.02459967
Sigma_Ag_C11:	7.84522868875
