Mean_Mo_C10:	101.370752734
Sigma_Mo_C10:	11.4248174719
Mean_Sn_C10:	149.281364521
Sigma_Sn_C10:	12.5345024548
