Mean_Mo_C6:	95.2655958008
Sigma_Mo_C6:	10.2263550351
Mean_Cu_C6:	43.332474051
Sigma_Cu_C6:	8.60458849205
