Mean_Mo_C7:	93.5711584741
Sigma_Mo_C7:	10.5125383128
Mean_In_C7:	134.257008147
Sigma_In_C7:	11.8401621731
