Mean_Mo_C14:	106.524324019
Sigma_Mo_C14:	17.111895803
Mean_Ag_C14:	138.318385101
Sigma_Ag_C14:	7.47668961397
