Mean_Mo_C12:	96.16197745
Sigma_Mo_C12:	10.4120724862
Mean_In_C12:	135.850843345
Sigma_In_C12:	10.9004881934
