Mean_Mo_C3:	95.3569886634
Sigma_Mo_C3:	10.4502742908
Mean_Cu_C3:	43.7816286452
Sigma_Cu_C3:	8.53629810242
