Mean_Mo_C11:	99.1946942173
Sigma_Mo_C11:	10.1232420795
Mean_Cu_C11:	47.2551887953
Sigma_Cu_C11:	8.29850967127
