Mean_Mo_C9:	71.0041013218
Sigma_Mo_C9:	51.861575263
Mean_In_C9:	156.102127689
Sigma_In_C9:	3.18389315536
