Mean_Mo_C11:	116.856248457
Sigma_Mo_C11:	15.4177298542
Mean_Sn_C11:	159.268485585
Sigma_Sn_C11:	4.74300283088
