Mean_Mo_C14:	106.16905311
Sigma_Mo_C14:	2.67864145039
Mean_Ag_C14:	125.593199831
Sigma_Ag_C14:	18.5608666944
