Mean_Mo_C0:	133.929539454
Sigma_Mo_C0:	52.670122988
Mean_In_C0:	155.580195223
Sigma_In_C0:	3.62448428514
