Mean_Mo_C11:	112.969131193
Sigma_Mo_C11:	8.11192503429
Mean_Ag_C11:	141.01456135
Sigma_Ag_C11:	4.11416897669
