Mean_Mo_C12:	106.025185973
Sigma_Mo_C12:	2.81635738094
Mean_Sn_C12:	128.508739304
Sigma_Sn_C12:	11.5092759079
