Mean_Mo_C8:	115.103951856
Sigma_Mo_C8:	10.8787816459
Mean_Cu_C8:	66.8798451982
Sigma_Cu_C8:	15.4584345521
