Mean_Mo_C4:	110.831244882
Sigma_Mo_C4:	4.15602520416
Mean_Sn_C4:	151.776210982
Sigma_Sn_C4:	0.930852074175
