Mean_Mo_C13:	118.800285866
Sigma_Mo_C13:	12.1899677256
Mean_Ag_C13:	138.438417904
Sigma_Ag_C13:	4.72317851547
