Mean_Mo_C13:	119.571257234
Sigma_Mo_C13:	8.01336002073
Mean_Sn_C13:	159.349236217
Sigma_Sn_C13:	4.67843407571
