Mean_Mo_C1:	75.1422717724
Sigma_Mo_C1:	9.87401527529
Mean_Ag_C1:	123.233196516
Sigma_Ag_C1:	20.3099194307
