Mean_Mo_C11:	112.628134838
Sigma_Mo_C11:	6.48022448695
Mean_Cu_C11:	59.8707127445
Sigma_Cu_C11:	10.3080905396
