Mean_Mo_C3:	71.4407515086
Sigma_Mo_C3:	15.1121718116
Mean_Ag_C3:	112.291165671
Sigma_Ag_C3:	5.3022079204
