Mean_Mo_C7:	110.997827712
Sigma_Mo_C7:	4.52767968593
Mean_In_C7:	156.535045873
Sigma_In_C7:	4.4394489931
