Mean_Mo_C5:	112.183552671
Sigma_Mo_C5:	5.25860648776
Mean_Ag_C5:	137.634876544
Sigma_Ag_C5:	5.65953769798
