Mean_Mo_C2:	98.3156319481
Sigma_Mo_C2:	46.6484428502
Mean_Cu_C2:	59.6249208067
Sigma_Cu_C2:	3.83745643372
