Mean_Mo_C2:	108.385183224
Sigma_Mo_C2:	3.77969624101
Mean_Ag_C2:	140.990821774
Sigma_Ag_C2:	3.70771034774
