Mean_Mo_C1:	122.135848076
Sigma_Mo_C1:	18.2093235565
Mean_In_C1:	156.613375738
Sigma_In_C1:	3.73888204241
