Mean_Mo_C15:	104.826760248
Sigma_Mo_C15:	0.23753944729
Mean_In_C15:	88.0451180253
Sigma_In_C15:	52.1162230548
