Mean_Mo_C15:	157.478676716
Sigma_Mo_C15:	47.3478380354
Mean_Cu_C15:	78.9052657249
Sigma_Cu_C15:	51.946446712
