Mean_Mo_C9:	62.1125415542
Sigma_Mo_C9:	8.9739787185
Mean_Sn_C9:	62.1125415542
Sigma_Sn_C9:	8.9739787185
