Mean_Mo_C7:	59.5008289677
Sigma_Mo_C7:	25.0725535663
Mean_Cu_C7:	59.5008289677
Sigma_Cu_C7:	25.0725535663
