Mean_Mo_C6:	73.2958131034
Sigma_Mo_C6:	9.10044623296
Mean_Sn_C6:	114.780484029
Sigma_Sn_C6:	51.5733887697
