Mean_Mo_C2:	108.299602858
Sigma_Mo_C2:	3.46072235921
Mean_In_C2:	155.394669237
Sigma_In_C2:	2.84879916119
