Mean_Mo_C0:	100.525506282
Sigma_Mo_C0:	47.175333568
Mean_Cu_C0:	61.9970971084
Sigma_Cu_C0:	7.39767851155
