Mean_Mo_C8:	75.1933120687
Sigma_Mo_C8:	11.1140020642
Mean_Sn_C8:	125.456327074
Sigma_Sn_C8:	20.3579087839
