Mean_Mo_C3:	60.5686035758
Sigma_Mo_C3:	4.58580624138
Mean_Cu_C3:	60.5686035758
Sigma_Cu_C3:	4.58580624138
