Mean_Mo_C6:	88.1747733171
Sigma_Mo_C6:	11.0516989531
Mean_Sn_C6:	117.496986261
Sigma_Sn_C6:	18.945949146
