Mean_Mo_C11:	94.0817378033
Sigma_Mo_C11:	13.2005622782
Mean_In_C11:	121.494015441
Sigma_In_C11:	17.7784517583
