Mean_Mo_C13:	91.7403327691
Sigma_Mo_C13:	10.2187508575
Mean_Sn_C13:	128.319423658
Sigma_Sn_C13:	10.8244919972
