Mean_Mo_C1:	94.1604171257
Sigma_Mo_C1:	13.0360850682
Mean_In_C1:	113.507961394
Sigma_In_C1:	32.4781187654
