Mean_Mo_C1:	93.7476164476
Sigma_Mo_C1:	17.4168471637
Mean_Ag_C1:	110.595305117
Sigma_Ag_C1:	18.85867925
