Mean_Mo_C12:	75.6435849682
Sigma_Mo_C12:	10.1021511717
Mean_Cu_C12:	30.4692359858
Sigma_Cu_C12:	8.74046584554
