Mean_Mo_C0:	42.2449164637
Sigma_Mo_C0:	13.0787443521
Mean_Ag_C0:	80.4927418669
Sigma_Ag_C0:	13.3218247683
