Mean_Mo_C6:	82.4207246185
Sigma_Mo_C6:	11.8347258133
Mean_Cu_C6:	33.6102937346
Sigma_Cu_C6:	11.2871238642
