Mean_Mo_C15:	82.9062911614
Sigma_Mo_C15:	11.2572073763
Mean_In_C15:	108.817784735
Sigma_In_C15:	14.223433537
