Mean_Mo_C13:	92.5449147259
Sigma_Mo_C13:	9.16909928337
Mean_In_C13:	123.348904372
Sigma_In_C13:	10.4933825084
