Mean_Mo_C4:	102.322515376
Sigma_Mo_C4:	89.6918866554
Mean_Sn_C4:	91.3525442451
Sigma_Sn_C4:	13.5928435564
