Mean_Mo_C3:	91.095588762
Sigma_Mo_C3:	10.7846253399
Mean_Sn_C3:	134.51865343
Sigma_Sn_C3:	12.9197302669
