Mean_Mo_C9:	87.6663718531
Sigma_Mo_C9:	12.5821966757
Mean_Ag_C9:	103.863886915
Sigma_Ag_C9:	13.970475429
