Mean_Mo_C11:	84.7395253228
Sigma_Mo_C11:	13.9147470468
Mean_Cu_C11:	32.1845149497
Sigma_Cu_C11:	10.5952331573
