Mean_Mo_C10:	91.1555305185
Sigma_Mo_C10:	12.6515383
Mean_In_C10:	121.210345608
Sigma_In_C10:	11.8124768291
