Mean_Mo_C15:	85.1594276585
Sigma_Mo_C15:	16.1164584801
Mean_Ag_C15:	84.5793519908
Sigma_Ag_C15:	32.0996635142
