Mean_Mo_C12:	82.9676079603
Sigma_Mo_C12:	10.4522676993
Mean_In_C12:	109.771468332
Sigma_In_C12:	12.9225473749
