Mean_Mo_C8:	86.2764155231
Sigma_Mo_C8:	10.3736794509
Mean_In_C8:	114.419151795
Sigma_In_C8:	14.4843171348
