Mean_Mo_C6:	88.3742623173
Sigma_Mo_C6:	12.4302939842
Mean_In_C6:	115.61761499
Sigma_In_C6:	14.2806279724
