Mean_Mo_C15:	78.1744398906
Sigma_Mo_C15:	9.97719880036
Mean_Cu_C15:	29.9295644866
Sigma_Cu_C15:	8.7561639007
