Mean_Mo_C14:	35.4843672683
Sigma_Mo_C14:	8.47619389647
Mean_Ag_C14:	84.2308744746
Sigma_Ag_C14:	18.1901966561
