Mean_Mo_C4:	39.5949056405
Sigma_Mo_C4:	16.2799128739
Mean_In_C4:	92.0595924239
Sigma_In_C4:	12.1399103735
