Mean_Mo_C3:	91.0323528964
Sigma_Mo_C3:	10.8432923778
Mean_In_C3:	124.264496948
Sigma_In_C3:	16.9522373712
