Mean_Mo_C15:	83.2867102073
Sigma_Mo_C15:	11.2489183365
Mean_Sn_C15:	112.57941663
Sigma_Sn_C15:	13.9739654117
