Mean_Mo_C14:	78.6274309763
Sigma_Mo_C14:	12.0156586482
Mean_Sn_C14:	110.167850976
Sigma_Sn_C14:	15.6731630309
