Mean_Mo_C5:	84.5414506343
Sigma_Mo_C5:	11.8427687275
Mean_Ag_C5:	100.257900192
Sigma_Ag_C5:	14.699054736
