Mean_Mo_C11:	93.3454337058
Sigma_Mo_C11:	13.5081128682
Mean_Sn_C11:	127.952723156
Sigma_Sn_C11:	13.6521796733
