Mean_Mo_C0:	79.1494070156
Sigma_Mo_C0:	10.6532957408
Mean_Sn_C0:	107.374921667
Sigma_Sn_C0:	15.513548421
