Mean_Mo_C2:	85.3721239393
Sigma_Mo_C2:	10.443277621
Mean_Sn_C2:	120.073993508
Sigma_Sn_C2:	15.1612725644
