Mean_Mo_C13:	36.5798889196
Sigma_Mo_C13:	8.3404823487
Mean_Ag_C13:	92.7334559033
Sigma_Ag_C13:	11.7621576498
