Mean_Mo_C14:	74.201730727
Sigma_Mo_C14:	10.7293526263
Mean_Cu_C14:	30.1672948311
Sigma_Cu_C14:	8.52124947339
