Mean_Mo_C9:	86.7078156896
Sigma_Mo_C9:	10.7119047705
Mean_Sn_C9:	119.89371779
Sigma_Sn_C9:	12.7951810795
