Mean_Mo_C3:	84.6257195975
Sigma_Mo_C3:	9.55108418038
Mean_Cu_C3:	25.9477022496
Sigma_Cu_C3:	10.9221643045
