Mean_Mo_C0:	80.1117128208
Sigma_Mo_C0:	11.2685786583
Mean_In_C0:	103.025450811
Sigma_In_C0:	14.4233187491
