Mean_Mo_C5:	85.8091730432
Sigma_Mo_C5:	8.94198746805
Mean_Sn_C5:	120.179871851
Sigma_Sn_C5:	9.48101278671
