Mean_Mo_C1:	92.545643971
Sigma_Mo_C1:	12.3812696319
Mean_Sn_C1:	128.537080431
Sigma_Sn_C1:	12.6509385056
