Mean_Mo_C14:	79.3956249779
Sigma_Mo_C14:	11.9109326982
Mean_In_C14:	109.906204689
Sigma_In_C14:	12.2479912455
