Mean_Mo_C12:	82.0442616447
Sigma_Mo_C12:	9.57464635194
Mean_Sn_C12:	109.014387145
Sigma_Sn_C12:	16.8061224681
