Mean_Mo_C7:	90.4733845541
Sigma_Mo_C7:	12.4238826718
Mean_Sn_C7:	116.219522485
Sigma_Sn_C7:	18.0369025611
