Mean_Mo_C2:	86.5455452776
Sigma_Mo_C2:	10.0363757953
Mean_In_C2:	114.132623424
Sigma_In_C2:	13.1717777191
