Mean_Mo_C2:	85.2826589577
Sigma_Mo_C2:	10.7266184956
Mean_Ag_C2:	100.102274287
Sigma_Ag_C2:	14.3858017522
