Mean_Mo_C12:	35.8495806536
Sigma_Mo_C12:	8.44729066369
Mean_Ag_C12:	81.0312899741
Sigma_Ag_C12:	11.803990605
