Mean_Mo_C4:	89.6440203096
Sigma_Mo_C4:	12.7112259663
Mean_Ag_C4:	100.016156095
Sigma_Ag_C4:	21.6041147544
