Mean_Mo_C0:	74.0504152906
Sigma_Mo_C0:	9.54349588843
Mean_Cu_C0:	33.8986945641
Sigma_Cu_C0:	8.04388440691
