Mean_Mo_C7:	83.5903772315
Sigma_Mo_C7:	11.9300090442
Mean_Cu_C7:	35.3521391022
Sigma_Cu_C7:	6.86056636737
