Mean_Mo_C1:	87.1574528879
Sigma_Mo_C1:	11.0814613892
Mean_Cu_C1:	29.460430825
Sigma_Cu_C1:	10.7926713028
