Mean_Mo_C10:	84.0255969373
Sigma_Mo_C10:	11.4181453039
Mean_Cu_C10:	32.4503657659
Sigma_Cu_C10:	7.97093375626
