Mean_Mo_C10:	90.3031268626
Sigma_Mo_C10:	12.2953449717
Mean_Sn_C10:	125.029588504
Sigma_Sn_C10:	15.0273459362
