Mean_Mo_C7:	90.0629289449
Sigma_Mo_C7:	14.2163612509
Mean_Ag_C7:	105.543294594
Sigma_Ag_C7:	15.2232118003
