Mean_Mo_C5:	80.1878456585
Sigma_Mo_C5:	9.5697410605
Mean_Cu_C5:	33.0885111327
Sigma_Cu_C5:	8.87376382105
