Mean_Mo_C7:	91.2406487359
Sigma_Mo_C7:	13.1311550174
Mean_In_C7:	119.383346115
Sigma_In_C7:	14.4881370884
