Mean_Mo_C2:	80.4683985746
Sigma_Mo_C2:	9.61828456152
Mean_Cu_C2:	27.9538100947
Sigma_Cu_C2:	8.93988264767
