Mean_Mo_C8:	82.0909748281
Sigma_Mo_C8:	10.5310517587
Mean_Cu_C8:	32.7961604326
Sigma_Cu_C8:	7.51422076778
