Mean_Mo_C4:	84.3909195589
Sigma_Mo_C4:	12.0861335542
Mean_Cu_C4:	31.217939258
Sigma_Cu_C4:	12.125688683
