Mean_Mo_C13:	85.4886497859
Sigma_Mo_C13:	9.47664549325
Mean_Cu_C13:	33.1433187296
Sigma_Cu_C13:	11.9478693765
