Mean_Mo_C8:	86.4502171036
Sigma_Mo_C8:	10.4033570052
Mean_Sn_C8:	118.647787471
Sigma_Sn_C8:	13.1985011476
