Mean_Mo_C10:	90.7909234736
Sigma_Mo_C10:	12.4528578033
Mean_Ag_C10:	94.7978396788
Sigma_Ag_C10:	23.2875285534
