Mean_Mo_C8:	85.6442855755
Sigma_Mo_C8:	12.2825664984
Mean_Ag_C8:	105.201186271
Sigma_Ag_C8:	11.4389826053
