Mean_Mo_C6:	37.8261324158
Sigma_Mo_C6:	6.80010826502
Mean_Ag_C6:	88.1446907713
Sigma_Ag_C6:	12.8933403422
