Mean_Mo_C5:	85.9716867402
Sigma_Mo_C5:	10.2354298313
Mean_In_C5:	116.350764126
Sigma_In_C5:	11.4451253422
