Mean_Mo_C11:	92.2469200287
Sigma_Mo_C11:	12.8955201244
Mean_Ag_C11:	111.059558589
Sigma_Ag_C11:	15.8823366187
