Mean_Mo_C3:	88.5860058373
Sigma_Mo_C3:	10.7533405582
Mean_Ag_C3:	114.101003602
Sigma_Ag_C3:	10.5792525586
