Mean_Mo_C9:	81.092634075
Sigma_Mo_C9:	9.74434060676
Mean_Cu_C9:	30.2901015463
Sigma_Cu_C9:	9.40532469393
