Mean_Mo_C9:	88.1524216642
Sigma_Mo_C9:	10.6285091119
Mean_In_C9:	111.947976977
Sigma_In_C9:	15.364517495
