Mean_Mo_C9:	109.927551381
Sigma_Mo_C9:	11.4106278352
Mean_Sn_C9:	156.43834152
Sigma_Sn_C9:	13.4650508029
