Mean_Mo_C7:	103.571349517
Sigma_Mo_C7:	10.3381645077
Mean_Cu_C7:	54.2885344146
Sigma_Cu_C7:	9.90709478993
