Mean_Mo_C4:	95.5334076777
Sigma_Mo_C4:	10.4709612412
Mean_Cu_C4:	42.6468628571
Sigma_Cu_C4:	8.16095825275
