Mean_Mo_C2:	101.689187526
Sigma_Mo_C2:	11.1846305103
Mean_Ag_C2:	120.122759099
Sigma_Ag_C2:	18.2506360421
