Mean_Mo_C12:	91.2419999324
Sigma_Mo_C12:	10.6856752028
Mean_Ag_C12:	107.111653879
Sigma_Ag_C12:	18.8764873564
