Mean_Mo_C10:	96.6713791391
Sigma_Mo_C10:	11.3098635038
Mean_Cu_C10:	44.85477926
Sigma_Cu_C10:	9.01546545424
