Mean_Mo_C1:	96.7238999702
Sigma_Mo_C1:	15.4424639712
Mean_Ag_C1:	114.987491204
Sigma_Ag_C1:	16.6673641812
