Mean_Mo_C8:	93.8177169781
Sigma_Mo_C8:	10.9028824796
Mean_Cu_C8:	46.2245921335
Sigma_Cu_C8:	10.0941738842
