Mean_Mo_C2:	101.446811746
Sigma_Mo_C2:	10.9588446472
Mean_Sn_C2:	144.50833169
Sigma_Sn_C2:	14.123279819
