Mean_Mo_C5:	77.5599701598
Sigma_Mo_C5:	21.9210203567
Mean_Sn_C5:	105.811992369
Sigma_Sn_C5:	11.6048393821
