Mean_Mo_C6:	67.1025292757
Sigma_Mo_C6:	34.6209214259
Mean_Sn_C6:	100.613405087
Sigma_Sn_C6:	11.6411613654
