Mean_Mo_C11:	99.6236382146
Sigma_Mo_C11:	11.2676281334
Mean_Cu_C11:	46.3624656753
Sigma_Cu_C11:	9.96348781596
