Mean_Mo_C10:	97.1841280218
Sigma_Mo_C10:	11.7416064775
Mean_Sn_C10:	140.72322109
Sigma_Sn_C10:	13.3557582128
