Mean_Mo_C4:	96.0151559934
Sigma_Mo_C4:	11.272560153
Mean_Sn_C4:	138.983810907
Sigma_Sn_C4:	14.3277478525
