Mean_Mo_C0:	96.9505100582
Sigma_Mo_C0:	13.6697610947
Mean_Sn_C0:	141.261182508
Sigma_Sn_C0:	13.4844230973
