Mean_Mo_C3:	89.1959303694
Sigma_Mo_C3:	10.8072182606
Mean_Cu_C3:	41.7469908729
Sigma_Cu_C3:	8.28558106375
