Mean_Mo_C14:	100.956018893
Sigma_Mo_C14:	14.1924704898
Mean_Sn_C14:	148.484160794
Sigma_Sn_C14:	13.4714543777
