Mean_Mo_C1:	93.8101724125
Sigma_Mo_C1:	13.7786532043
Mean_Sn_C1:	134.610671261
Sigma_Sn_C1:	13.7177238595
