Mean_Mo_C0:	98.1997560527
Sigma_Mo_C0:	13.5729688228
Mean_Ag_C0:	117.918710467
Sigma_Ag_C0:	18.8635636648
