Mean_Mo_C13:	104.995856653
Sigma_Mo_C13:	11.7483509575
Mean_Sn_C13:	146.247671083
Sigma_Sn_C13:	14.6367731978
