Mean_Mo_C11:	101.046975791
Sigma_Mo_C11:	13.4407242544
Mean_Ag_C11:	119.939443957
Sigma_Ag_C11:	17.8920538395
