Mean_Mo_C9:	110.799371209
Sigma_Mo_C9:	12.4621292023
Mean_Ag_C9:	129.437552167
Sigma_Ag_C9:	19.5106425933
