Mean_Mo_C0:	98.6756491366
Sigma_Mo_C0:	11.5511093621
Mean_Cu_C0:	50.2303458737
Sigma_Cu_C0:	10.0028029515
