Mean_Mo_C2:	100.96689027
Sigma_Mo_C2:	10.8603048464
Mean_Cu_C2:	47.2645590016
Sigma_Cu_C2:	8.51301356793
