Mean_Mo_C8:	92.4050625865
Sigma_Mo_C8:	11.8541034967
Mean_Ag_C8:	104.132274278
Sigma_Ag_C8:	19.9403326915
