Mean_Mo_C7:	102.909091124
Sigma_Mo_C7:	10.9974605153
Mean_Sn_C7:	144.005967057
Sigma_Sn_C7:	13.4668726348
