Mean_Mo_C12:	91.776403122
Sigma_Mo_C12:	9.67043460337
Mean_Cu_C12:	41.6744470331
Sigma_Cu_C12:	8.165221271
